2000
7927 8059 8 3006 2352 9771 3361 5868 6915 5291
5404 1215 324 9400 9825 5160 8012 3139 9409 2075
6526 5315 3010 2464 8037 3284 9898 924 2530 5188
5754 482 3822 2320 9815 9270 2430 9098 5515 8433
1538 8691 197 2573 7963 175 3415 3350 820 4317
831 1341 8765 6959 1843 4459 1336 9634 6827 5269
8014 244 8271 8709 4468 2450 2020 5692 1305 7086
5898 5316 2567 8045 9966 909 3292 8111 5113 4484
9343 4461 8733 598 4057 963 193 9058 5373 1444
3381 9859 2454 3642 4416 2154 2174 6887 6018 7163
7803 8974 2217 8248 7593 9262 9870 703 4428 9100
6564 3762 353 4952 2484 2303 1829 4996 1040 4111
2048 10000 2664 9565 5759 9183 7425 8392 7512 751
4576 6688 4145 4044 9399 4163 3405 7554 6440 6156
1415 2253 3769 2376 2628 1871 320 5906 257 8862
7816 1612 2621 6129 9099 8781 1985 1897 5926 2972
1916 9251 1963 1473 818 9234 669 2968 6077 503
1190 2696 4896 3772 9446 4852 3649 2886 9692 4424
5401 5487 2060 1134 3754 5009 5212 1453 889 2095
1491 7913 2741 2402 6692 6309 9569 2566 3433 147
9957 8092 746 943 2576 8258 6793 1691 4411 7416
7267 7118 7970 8200 1828 15 5948 7142 1206 1724
5921 643 2202 2701 1584 6313 3691 7180 9746 8499
2651 3544 8323 3808 4157 3490 7951 4917 2413 5971
3182 8002 130 537 332 6537 7943 2747 3271 2473
2036 4286 6738 1716 8171 1745 5017 1631 922 8255
1742 93 4882 1246 7368 1168 4943 8286 5121 2178
1681 2879 4512 2405 8785 4156 1809 2122 7604 7747
3407 7433 7279 276 4162 3830 9697 5753 4239 4790
327 7686 2998 2661 4670 3189 8554 9153 6543 8458
7918 4604 7960 4249 7590 1439 9938 1597 9379 6846
5350 7134 5460 4511 9378 8244 588 1381 8220 3408
3555 3883 9902 7905 8532 9719 9630 6253 4735 8971
1330 782 841 2014 2383 6499 4618 8634 91 9147
584 3944 1744 3905 801 5687 5685 4980 528 9097
1878 715 4628 6228 9835 7831 1668 1463 8386 8176
6508 3583 159 1435 3795 3707 1922 5741 4212 9551
654 9415 3956 7630 6712 4064 1053 6050 5964 1371
2192 1326 9651 3845 5088 2943 6917 2966 842 9946
5908 4806 8239 532 9209 7735 6589 4560 3353 6975
3629 3946 9405 785 1422 3061 1710 3935 8954 7229
9389 1621 1095 632 1545 755 2210 5227 5426 7984
1735 6866 7578 9421 3254 5246 7193 6237 6710 3794
875 6322 7293 2247 5927 3052 1649 659 5226 9974
8066 4695 9278 3554 8611 8366 7071 3233 2481 2997
8690 8668 3586 8987 9 2166 6714 6843 8043 5016
5236 3293 5601 6007 6046 5292 6721 4890 1823 474
4467 7245 4521 878 1376 5073 2258 9351 47 457
4687 8845 8396 8712 6822 713 2723 7060 587 6848
1211 6559 434 9878 3011 5434 745 3064 4541 230
6857 9781 1512 3816 2907 1404 5989 6965 677 3551
2353 9036 5551 1395 1839 7270 6015 4630 592 371
7152 9418 8384 6170 6131 6052 7738 3110 9456 1136
4610 6760 6745 5042 6186 4168 759 4992 9658 8080
6365 3545 1370 9479 7916 5427 7489 4894 9355 3534
8959 8182 7740 1236 3268 2531 9819 5256 6340 7041
4455 7280 3561 5959 9944 2261 2282 8826 4831 7055
1788 3 3329 3157 1205 1183 7807 2713 7599 4139
743 1968 517 2809 1323 8594 9619 7244 902 8399
1727 3009 8264 1426 4563 2641 9117 9991 4418 4986
4041 6749 635 9608 7552 7286 1112 2333 8564 225
1392 7720 4296 380 762 658 8069 6882 9338 9054
2209 1808 4205 186 9084 3652 3269 5040 7565 1067
9597 6856 510 4638 1918 2009 1249 1311 4218 6475
1483 9757 5353 7045 4305 214 5937 430 9486 3481
9144 8836 4942 6774 4351 2 2487 5514 9178 5462
2834 3875 8256 6697 208 3487 3255 1471 7351 2045
112 3820 590 2169 5219 5863 766 5176 540 9102
3969 2663 1775 1713 9023 7550 6002 1170 5824 3122
3654 9352 6248 9096 886 4592 306 5757 1055 8941
5334 7252 6074 2206 1831 9060 4322 786 1212 2773
9831 5201 8023 4851 5428 8010 3767 3070 7911 4378
391 1847 7070 2779 1946 3272 5510 8708 4349 3665
4772 7996 9475 3435 9030 352 3452 7776 691 8356
120 7812 1981 464 139 312 487 8172 2901 961
2230 9247 5422 6188 1912 6065 6647 5874 9596 8628
4180 5946 303 7730 7439 5465 8295 3204 4927 7888
520 6454 8038 8277 7317 1815 846 4863 3008 949
1970 7811 6094 705 4600 2593 5187 1318 3922 2345
2469 4409 6424 6490 1433 867 8175 4812 8150 8557
2313 6629 4543 7658 989 7881 1219 7466 4291 5516
6580 2619 6226 5053 2637 4227 5641 7668 8162 4007
5313 9525 9177 8824 6777 8531 5258 7710 4564 4916
4653 2824 6101 6120 4760 7653 7561 69 3738 6765
8108 8243 4295 5059 9945 2826 7501 3411 9711 8837
7531 1964 1405 3469 199 5665 8422 877 1489 5467
8667 996 5603 6119 3071 7758 810 4121 4187 9442
2767 6687 2964 1801 1039 1349 7934 2451 447 6979
8241 870 4431 6438 1377 7403 52 433 7461 2704
6794 6275 1337 8967 9417 7243 152 1261 5965 8164
3258 263 1877 4797 1043 4647 4400 6762 9628 8245
2787 4595 505 3057 5648 5378 5915 3849 4914 4274
9284 684 1557 793 5138 2079 5941 6272 8090 9180
2644 4504 9498 9881 6312 1951 6414 7521 5893 9693
3620 7456 3745 5610 2634 5942 2711 2993 6618 4410
393 4086 8086 7994 8654 9194 2868 1712 4481 6832
325 9748 6164 6525 1297 1523 9729 8592 3639 2513
3622 5305 5087 4881 2700 811 64 1344 1076 5379
7106 2875 6562 2289 8033 8761 7430 7771 6639 7887
5006 1079 7684 2069 8930 7691 9115 9205 2180 6683
8314 2974 4798 3903 1600 7526 8855 9890 3085 4048
7808 9031 7605 8416 1224 5371 1737 634 1629 2829
9276 7528 912 2224 8719 2326 5488 192 4893 1752
7276 9758 1432 884 3053 775 7218 49 6486 8380
84 2164 1932 8870 7903 8483 4518 2916 5154 7073
3977 5788 1071 5870 3552 1550 9698 5440 3719 4704
3103 9868 5729 7155 9024 6815 2987 4565 617 3014
6619 6922 1269 6039 5902 543 9982 2270 9495 5990
5816 8334 8779 8604 1797 8658 7942 5439 1448 4528
1546 6230 6303 1800 449 4873 6409 2986 4499 1271
5003 919 3661 4354 5394 6214 3028 8424 8251 8246
7680 87 318 6203 2710 8382 2870 855 135 4314
671 367 4993 9585 232 3812 6455 8480 6578 6139
740 6547 9523 8394 764 729 5075 6369 2822 6579
1485 5340 9376 1977 7884 3091 4129 6157 8097 5004
377 8928 5425 8015 9897 5382 7598 7432 1397 8303
4951 8461 4999 7394 3136 7976 5498 5809 6734 8161
8131 3245 4669 3362 8205 9667 493 9537 3183 5507
1992 4785 7018 4049 1037 1298 876 9271 9008 9029
5290 6680 9749 2341 4663 9573 8854 499 3992 4444
1102 8490 3188 6128 7247 8744 2083 8470 2981 8614
1525 1988 642 9791 1842 3323 7651 9731 4931 6297
7966 4651 3730 3570 709 8723 7819 3372 4337 8387
5978 8304 7138 9885 7505 1314 4341 4642 3115 6233
3026 9340 8488 8291 8574 6055 6859 9586 3080 5294
8300 3265 8888 8672 7147 5616 6640 661 8996 6985
9788 4641 4345 6372 6956 1917 2279 8869 3785 9956
9764 9187 8715 33 5575 6068 4 3543 6751 4802
5539 6392 285 6472 1638 1687 5020 7944 1541 8952
75 2650 2618 1428 1754 9722 1893 4201 1588 7384
8309 5594 5116 3023 2056 1499 126 6978 4799 7392
4309 5320 4551 3580 8145 8234 9496 9361 5054 9273
646 6368 3207 8857 3949 8985 3163 1577 4593 8686
1586 9567 3496 3733 8441 4532 4306 6174 9568 7802
2082 2291 7183 2492 422 480 8260 8427 8533 6519
162 7124 5813 8880 2620 8625 7087 3140 6701 2396
2596 2716 2044 9785 937 2679 4214 838 5065 9580
2194 5435 9320 8525 3473 289 407 3173 8543 1161
3793 2342 9243 1306 8063 4055 3244 9553 4503 5120
1245 5386 6522 2490 5784 9869 6902 5204 8454 6021
8107 7500 9643 2113 3987 2249 5245 339 189 1984
4774 8270 711 4355 469 1575 6047 4035 7457 3246
3821 4024 6969 7386 6826 8804 6971 1565 184 2423
5145 3782 6177 8839 6466 9201 7592 7367 5587 2310
1200 3712 6113 8746 5922 1563 4018 5910 5483 4865
569 9072 5299 1492 7221 5287 1607 4976 1570 9607
4556 5310 612 7998 8299 2646 4437 5194 5725 1025
5228 2350 2377 3441 8345 7074 4340 1029 8947 1623
4826 1817 3119 2475 1128 8419 5812 9481 9150 8207
5117 2969 446 3542 2068 2200 6095 7476 3796 6606
9539 1830 8093 627 5169 5850 9548 1452 3374 4030
267 8986 5023 1020 4692 673 6196 9941 2604 4019
3320 1282 917 8729 1734 6245 4069 144 9625 5300
9064 9333 9975 5261 3535 9025 1384 9735 3266 5193
2493 5058 8743 6802 1653 300 9277 8494 6938 9817
2884 2521 1580 9244 864 6301 6591 108 8352 3241
5132 7783 2881 6154 7373 1267 6502 1765 7558 7150
8647 6814 31 7991 4557 2525 9927 6617 4185 1231
3774 8027 4817 1359 6952 6601 2418 1504 2466 5717
8844 2692 765 9168 7345 8955 6199 5684 1730 6584
1042 9673 5602 4191 830 6236 5526 4527 1276 9809
2407 2527 4535 2833 2344 2657 8638 3419 6775 172
839 6854 6940 5436 1551 9560 7354 4298 2330 7085
9830 7339 8153 7628 3116 4152 2522 4920 9493 7717
2367 8680 3736 3710 2749 7584 3761 6354 419 372
8793 6363 9742 5433 3032 381 4838 3700 2675 681
2674 9555 6167 4290 403 4166 5152 8102 6798 2482
3398 8165 9926 7314 2589 7160 4490 77 5743 6899
5598 4432 3107 3177 7961 5666 3222 4244 5932 2306
6420 6268 7523 3343 4801 931 1325 7570 6501 3045
309 9723 8542 6583 7004 40 3947 4614 6720 894
1334 1602 1345 7301 6063 1291 525 5463 4662 7995
8370 2666 7181 8848 4677 9532 6533 7982 4321 8417
246 2537 6901 8926 4491 5953 8362 9306 2839 9528
3595 3818 5306 8932 3614 5215 7689 2708 8415 604
9653 3186 6355 7714 5012 7259 8522 792 6234 5576
781 2578 6432 2005 8739 3036 822 3235 4392 4293
4552 9602 3174 663 6998 2729 9833 7232 2187 9918
8669 7140 4036 4492 5995 3087 9468 5229 5158 2039
2882 1313 2659 3541 696 3283 7173 1281 7690 3908
6037 4908 5084 6957 3365 7338 5333 665 1299 6544
9373 8737 5797 5956 2201 6259 5399 5844 934 3037
8950 7230 7261 9068 217 1052 951 95 9403 5588
866 9228 2265 3263 6351 4318 8528 234 9652 887
7336 5123 3128 71 3007 8964 6813 6992 7285 3957
1867 6262 8598 3536 1696 1220 1846 9128 7965 9828
8479 4833 2913 7284 9414 621 3643 4365 1869 3249
2784 9801 4061 7188 7210 2635 2687 3117 7360 5513
3309 1002 5477 5571 9427 8070 3763 7137 8331 9207
4356 3855 9958 5738 9947 7708 9865 9349 7891 3776
5325 6172 6151 6724 1995 5234 1164 6123 5691 1885
6292 6728 1059 3827 5540 8853 6283 4361 4066 6289
212 6569 4841 3476 4977 5781 7556 6042 2821 2288
7790 90 4591 2410 7000 5170 9718 2401 7772 9665
2656 2772 9286 1408 8599 6911 4517 1110 105 2480
8139 4315 9086 8085 3042 313 2561 5851 7644 3151
4062 8546 2101 8645 6740 5049 5541 5307 904 5837
9797 6160 1177 1643 8001 1590 5430 8792 202 5954
2335 7269 9374 8409 3209 1194 9610 1088 8688 1358
5208 8637 8378 7199 6024 8060 264 1803 9663 7103
1232
